    1   42.00   72.00
    2   43.00   72.00
    3   44.00   72.00
    4   45.00   72.00
    5   46.00   72.00
    6   47.00   72.00
    7   48.00   72.00
    8   49.00   72.00
    9   50.00   72.00
   10   51.00   72.00
   11   52.00   72.00
   12   53.00   72.00
   13   54.00   72.00
   14   55.00   72.00
   15   56.00   72.00
   16   57.00   72.00
   17   58.00   72.00
   18   59.00   72.00
   19   60.00   72.00
   20   61.00   72.00
   21   62.00   72.00
   22   63.00   72.00
   23   64.00   72.00
   24   65.00   72.00
   25   66.00   72.00
   26   67.00   72.00
   27   68.00   72.00
   28   69.00   72.00
   29   70.00   72.00
   30   71.00   72.00
   31   42.00   72.50
   32   43.00   72.50
   33   44.00   72.50
   34   45.00   72.50
   35   46.00   72.50
   36   47.00   72.50
   37   48.00   72.50
   38   49.00   72.50
   39   50.00   72.50
   40   51.00   72.50
   41   52.00   72.50
   42   53.00   72.50
   43   54.00   72.50
   44   55.00   72.50
   45   56.00   72.50
   46   57.00   72.50
   47   58.00   72.50
   48   59.00   72.50
   49   60.00   72.50
   50   61.00   72.50
   51   62.00   72.50
   52   63.00   72.50
   53   64.00   72.50
   54   65.00   72.50
   55   66.00   72.50
   56   67.00   72.50
   57   68.00   72.50
   58   69.00   72.50
   59   70.00   72.50
   60   71.00   72.50
   61   42.00   73.00
   62   43.00   73.00
   63   44.00   73.00
   64   45.00   73.00
   65   46.00   73.00
   66   47.00   73.00
   67   48.00   73.00
   68   49.00   73.00
   69   50.00   73.00
   70   51.00   73.00
   71   52.00   73.00
   72   53.00   73.00
   73   54.00   73.00
   74   55.00   73.00
   75   56.00   73.00
   76   57.00   73.00
   77   58.00   73.00
   78   59.00   73.00
   79   60.00   73.00
   80   61.00   73.00
   81   62.00   73.00
   82   63.00   73.00
   83   64.00   73.00
   84   65.00   73.00
   85   66.00   73.00
   86   67.00   73.00
   87   68.00   73.00
   88   69.00   73.00
   89   70.00   73.00
   90   71.00   73.00
   91   42.00   73.50
   92   43.00   73.50
   93   44.00   73.50
   94   45.00   73.50
   95   46.00   73.50
   96   47.00   73.50
   97   48.00   73.50
   98   49.00   73.50
   99   50.00   73.50
  100   51.00   73.50
  101   52.00   73.50
  102   53.00   73.50
  103   54.00   73.50
  104   55.00   73.50
  105   56.00   73.50
  106   57.00   73.50
  107   58.00   73.50
  108   59.00   73.50
  109   60.00   73.50
  110   61.00   73.50
  111   62.00   73.50
  112   63.00   73.50
  113   64.00   73.50
  114   65.00   73.50
  115   66.00   73.50
  116   67.00   73.50
  117   68.00   73.50
  118   69.00   73.50
  119   70.00   73.50
  120   71.00   73.50
  121   42.00   74.00
  122   43.00   74.00
  123   44.00   74.00
  124   45.00   74.00
  125   46.00   74.00
  126   47.00   74.00
  127   48.00   74.00
  128   49.00   74.00
  129   50.00   74.00
  130   51.00   74.00
  131   52.00   74.00
  132   53.00   74.00
  133   54.00   74.00
  134   55.00   74.00
  135   56.00   74.00
  136   57.00   74.00
  137   58.00   74.00
  138   59.00   74.00
  139   60.00   74.00
  140   61.00   74.00
  141   62.00   74.00
  142   63.00   74.00
  143   64.00   74.00
  144   65.00   74.00
  145   66.00   74.00
  146   67.00   74.00
  147   68.00   74.00
  148   69.00   74.00
  149   70.00   74.00
  150   71.00   74.00
  151   42.00   74.50
  152   43.00   74.50
  153   44.00   74.50
  154   45.00   74.50
  155   46.00   74.50
  156   47.00   74.50
  157   48.00   74.50
  158   49.00   74.50
  159   50.00   74.50
  160   51.00   74.50
  161   52.00   74.50
  162   53.00   74.50
  163   54.00   74.50
  164   55.00   74.50
  165   56.00   74.50
  166   57.00   74.50
  167   58.00   74.50
  168   59.00   74.50
  169   60.00   74.50
  170   61.00   74.50
  171   62.00   74.50
  172   63.00   74.50
  173   64.00   74.50
  174   65.00   74.50
  175   66.00   74.50
  176   67.00   74.50
  177   68.00   74.50
  178   69.00   74.50
  179   70.00   74.50
  180   71.00   74.50
  181   42.00   75.00
  182   43.00   75.00
  183   44.00   75.00
  184   45.00   75.00
  185   46.00   75.00
  186   47.00   75.00
  187   48.00   75.00
  188   49.00   75.00
  189   50.00   75.00
  190   51.00   75.00
  191   52.00   75.00
  192   53.00   75.00
  193   54.00   75.00
  194   55.00   75.00
  195   56.00   75.00
  196   57.00   75.00
  197   58.00   75.00
  198   59.00   75.00
  199   60.00   75.00
  200   61.00   75.00
  201   62.00   75.00
  202   63.00   75.00
  203   64.00   75.00
  204   65.00   75.00
  205   66.00   75.00
  206   67.00   75.00
  207   68.00   75.00
  208   69.00   75.00
  209   70.00   75.00
  210   71.00   75.00
