    1   42.00   75.00
    2   42.50   75.00
    3   43.00   75.00
    4   43.50   75.00
    5   44.00   75.00
    6   44.50   75.00
    7   45.00   75.00
    8   45.50   75.00
    9   46.00   75.00
   10   46.50   75.00
   11   47.00   75.00
   12   47.50   75.00
   13   48.00   75.00
   14   48.50   75.00
   15   49.00   75.00
   16   49.50   75.00
   17   50.00   75.00
   18   50.50   75.00
   19   51.00   75.00
   20   51.50   75.00
   21   52.00   75.00
   22   52.50   75.00
   23   53.00   75.00
   24   53.50   75.00
   25   54.00   75.00
   26   54.50   75.00
   27   55.00   75.00
   28   55.50   75.00
   29   56.00   75.00
   30   56.50   75.00
   31   57.00   75.00
   32   57.50   75.00
   33   58.00   75.00
   34   58.50   75.00
   35   59.00   75.00
   36   59.50   75.00
   37   60.00   75.00
   38   60.50   75.00
   39   61.00   75.00
   40   61.50   75.00
   41   62.00   75.00
   42   62.50   75.00
   43   63.00   75.00
   44   63.50   75.00
   45   64.00   75.00
   46   64.50   75.00
   47   65.00   75.00
   48   65.50   75.00
   49   66.00   75.00
   50   66.50   75.00
   51   67.00   75.00
   52   67.50   75.00
   53   68.00   75.00
   54   68.50   75.00
   55   69.00   75.00
   56   69.50   75.00
   57   70.00   75.00
   58   70.50   75.00
   59   71.00   75.00
   60   42.00   75.25
   61   42.50   75.25
   62   43.00   75.25
   63   43.50   75.25
   64   44.00   75.25
   65   44.50   75.25
   66   45.00   75.25
   67   45.50   75.25
   68   46.00   75.25
   69   46.50   75.25
   70   47.00   75.25
   71   47.50   75.25
   72   48.00   75.25
   73   48.50   75.25
   74   49.00   75.25
   75   49.50   75.25
   76   50.00   75.25
   77   50.50   75.25
   78   51.00   75.25
   79   51.50   75.25
   80   52.00   75.25
   81   52.50   75.25
   82   53.00   75.25
   83   53.50   75.25
   84   54.00   75.25
   85   54.50   75.25
   86   55.00   75.25
   87   55.50   75.25
   88   56.00   75.25
   89   56.50   75.25
   90   57.00   75.25
   91   57.50   75.25
   92   58.00   75.25
   93   58.50   75.25
   94   59.00   75.25
   95   59.50   75.25
   96   60.00   75.25
   97   60.50   75.25
   98   61.00   75.25
   99   61.50   75.25
  100   62.00   75.25
  101   62.50   75.25
  102   63.00   75.25
  103   63.50   75.25
  104   64.00   75.25
  105   64.50   75.25
  106   65.00   75.25
  107   65.50   75.25
  108   66.00   75.25
  109   66.50   75.25
  110   67.00   75.25
  111   67.50   75.25
  112   68.00   75.25
  113   68.50   75.25
  114   69.00   75.25
  115   69.50   75.25
  116   70.00   75.25
  117   70.50   75.25
  118   71.00   75.25
  119   42.00   75.50
  120   42.50   75.50
  121   43.00   75.50
  122   43.50   75.50
  123   44.00   75.50
  124   44.50   75.50
  125   45.00   75.50
  126   45.50   75.50
  127   46.00   75.50
  128   46.50   75.50
  129   47.00   75.50
  130   47.50   75.50
  131   48.00   75.50
  132   48.50   75.50
  133   49.00   75.50
  134   49.50   75.50
  135   50.00   75.50
  136   50.50   75.50
  137   51.00   75.50
  138   51.50   75.50
  139   52.00   75.50
  140   52.50   75.50
  141   53.00   75.50
  142   53.50   75.50
  143   54.00   75.50
  144   54.50   75.50
  145   55.00   75.50
  146   55.50   75.50
  147   56.00   75.50
  148   56.50   75.50
  149   57.00   75.50
  150   57.50   75.50
  151   58.00   75.50
  152   58.50   75.50
  153   59.00   75.50
  154   59.50   75.50
  155   60.00   75.50
  156   60.50   75.50
  157   61.00   75.50
  158   61.50   75.50
  159   62.00   75.50
  160   62.50   75.50
  161   63.00   75.50
  162   63.50   75.50
  163   64.00   75.50
  164   64.50   75.50
  165   65.00   75.50
  166   65.50   75.50
  167   66.00   75.50
  168   66.50   75.50
  169   67.00   75.50
  170   67.50   75.50
  171   68.00   75.50
  172   68.50   75.50
  173   69.00   75.50
  174   69.50   75.50
  175   70.00   75.50
  176   70.50   75.50
  177   71.00   75.50
  178   42.00   75.75
  179   42.50   75.75
  180   43.00   75.75
  181   43.50   75.75
  182   44.00   75.75
  183   44.50   75.75
  184   45.00   75.75
  185   45.50   75.75
  186   46.00   75.75
  187   46.50   75.75
  188   47.00   75.75
  189   47.50   75.75
  190   48.00   75.75
  191   48.50   75.75
  192   49.00   75.75
  193   49.50   75.75
  194   50.00   75.75
  195   50.50   75.75
  196   51.00   75.75
  197   51.50   75.75
  198   52.00   75.75
  199   52.50   75.75
  200   53.00   75.75
  201   53.50   75.75
  202   54.00   75.75
  203   54.50   75.75
  204   55.00   75.75
  205   55.50   75.75
  206   56.00   75.75
  207   56.50   75.75
  208   57.00   75.75
  209   57.50   75.75
  210   58.00   75.75
  211   58.50   75.75
  212   59.00   75.75
  213   59.50   75.75
  214   60.00   75.75
  215   60.50   75.75
  216   61.00   75.75
  217   61.50   75.75
  218   62.00   75.75
  219   62.50   75.75
  220   63.00   75.75
  221   63.50   75.75
  222   64.00   75.75
  223   64.50   75.75
  224   65.00   75.75
  225   65.50   75.75
  226   66.00   75.75
  227   66.50   75.75
  228   67.00   75.75
  229   67.50   75.75
  230   68.00   75.75
  231   68.50   75.75
  232   69.00   75.75
  233   69.50   75.75
  234   70.00   75.75
  235   70.50   75.75
  236   71.00   75.75
  237   42.00   76.00
  238   42.50   76.00
  239   43.00   76.00
  240   43.50   76.00
  241   44.00   76.00
  242   44.50   76.00
  243   45.00   76.00
  244   45.50   76.00
  245   46.00   76.00
  246   46.50   76.00
  247   47.00   76.00
  248   47.50   76.00
  249   48.00   76.00
  250   48.50   76.00
  251   49.00   76.00
  252   49.50   76.00
  253   50.00   76.00
  254   50.50   76.00
  255   51.00   76.00
  256   51.50   76.00
  257   52.00   76.00
  258   52.50   76.00
  259   53.00   76.00
  260   53.50   76.00
  261   54.00   76.00
  262   54.50   76.00
  263   55.00   76.00
  264   55.50   76.00
  265   56.00   76.00
  266   56.50   76.00
  267   57.00   76.00
  268   57.50   76.00
  269   58.00   76.00
  270   58.50   76.00
  271   59.00   76.00
  272   59.50   76.00
  273   60.00   76.00
  274   60.50   76.00
  275   61.00   76.00
  276   61.50   76.00
  277   62.00   76.00
  278   62.50   76.00
  279   63.00   76.00
  280   63.50   76.00
  281   64.00   76.00
  282   64.50   76.00
  283   65.00   76.00
  284   65.50   76.00
  285   66.00   76.00
  286   66.50   76.00
  287   67.00   76.00
  288   67.50   76.00
  289   68.00   76.00
  290   68.50   76.00
  291   69.00   76.00
  292   69.50   76.00
  293   70.00   76.00
  294   70.50   76.00
  295   71.00   76.00
  296   42.00   76.25
  297   42.50   76.25
  298   43.00   76.25
  299   43.50   76.25
  300   44.00   76.25
  301   44.50   76.25
  302   45.00   76.25
  303   45.50   76.25
  304   46.00   76.25
  305   46.50   76.25
  306   47.00   76.25
  307   47.50   76.25
  308   48.00   76.25
  309   48.50   76.25
  310   49.00   76.25
  311   49.50   76.25
  312   50.00   76.25
  313   50.50   76.25
  314   51.00   76.25
  315   51.50   76.25
  316   52.00   76.25
  317   52.50   76.25
  318   53.00   76.25
  319   53.50   76.25
  320   54.00   76.25
  321   54.50   76.25
  322   55.00   76.25
  323   55.50   76.25
  324   56.00   76.25
  325   56.50   76.25
  326   57.00   76.25
  327   57.50   76.25
  328   58.00   76.25
  329   58.50   76.25
  330   59.00   76.25
  331   59.50   76.25
  332   60.00   76.25
  333   60.50   76.25
  334   61.00   76.25
  335   61.50   76.25
  336   62.00   76.25
  337   62.50   76.25
  338   63.00   76.25
  339   63.50   76.25
  340   64.00   76.25
  341   64.50   76.25
  342   65.00   76.25
  343   65.50   76.25
  344   66.00   76.25
  345   66.50   76.25
  346   67.00   76.25
  347   67.50   76.25
  348   68.00   76.25
  349   68.50   76.25
  350   69.00   76.25
  351   69.50   76.25
  352   70.00   76.25
  353   70.50   76.25
  354   71.00   76.25
  355   42.00   76.50
  356   42.50   76.50
  357   43.00   76.50
  358   43.50   76.50
  359   44.00   76.50
  360   44.50   76.50
  361   45.00   76.50
  362   45.50   76.50
  363   46.00   76.50
  364   46.50   76.50
  365   47.00   76.50
  366   47.50   76.50
  367   48.00   76.50
  368   48.50   76.50
  369   49.00   76.50
  370   49.50   76.50
  371   50.00   76.50
  372   50.50   76.50
  373   51.00   76.50
  374   51.50   76.50
  375   52.00   76.50
  376   52.50   76.50
  377   53.00   76.50
  378   53.50   76.50
  379   54.00   76.50
  380   54.50   76.50
  381   55.00   76.50
  382   55.50   76.50
  383   56.00   76.50
  384   56.50   76.50
  385   57.00   76.50
  386   57.50   76.50
  387   58.00   76.50
  388   58.50   76.50
  389   59.00   76.50
  390   59.50   76.50
  391   60.00   76.50
  392   60.50   76.50
  393   61.00   76.50
  394   61.50   76.50
  395   62.00   76.50
  396   62.50   76.50
  397   63.00   76.50
  398   63.50   76.50
  399   64.00   76.50
  400   64.50   76.50
  401   65.00   76.50
  402   65.50   76.50
  403   66.00   76.50
  404   66.50   76.50
  405   67.00   76.50
  406   67.50   76.50
  407   68.00   76.50
  408   68.50   76.50
  409   69.00   76.50
  410   69.50   76.50
  411   70.00   76.50
  412   70.50   76.50
  413   71.00   76.50
  414   42.00   76.75
  415   42.50   76.75
  416   43.00   76.75
  417   43.50   76.75
  418   44.00   76.75
  419   44.50   76.75
  420   45.00   76.75
  421   45.50   76.75
  422   46.00   76.75
  423   46.50   76.75
  424   47.00   76.75
  425   47.50   76.75
  426   48.00   76.75
  427   48.50   76.75
  428   49.00   76.75
  429   49.50   76.75
  430   50.00   76.75
  431   50.50   76.75
  432   51.00   76.75
  433   51.50   76.75
  434   52.00   76.75
  435   52.50   76.75
  436   53.00   76.75
  437   53.50   76.75
  438   54.00   76.75
  439   54.50   76.75
  440   55.00   76.75
  441   55.50   76.75
  442   56.00   76.75
  443   56.50   76.75
  444   57.00   76.75
  445   57.50   76.75
  446   58.00   76.75
  447   58.50   76.75
  448   59.00   76.75
  449   59.50   76.75
  450   60.00   76.75
  451   60.50   76.75
  452   61.00   76.75
  453   61.50   76.75
  454   62.00   76.75
  455   62.50   76.75
  456   63.00   76.75
  457   63.50   76.75
  458   64.00   76.75
  459   64.50   76.75
  460   65.00   76.75
  461   65.50   76.75
  462   66.00   76.75
  463   66.50   76.75
  464   67.00   76.75
  465   67.50   76.75
  466   68.00   76.75
  467   68.50   76.75
  468   69.00   76.75
  469   69.50   76.75
  470   70.00   76.75
  471   70.50   76.75
  472   71.00   76.75
  473   42.00   77.00
  474   42.50   77.00
  475   43.00   77.00
  476   43.50   77.00
  477   44.00   77.00
  478   44.50   77.00
  479   45.00   77.00
  480   45.50   77.00
  481   46.00   77.00
  482   46.50   77.00
  483   47.00   77.00
  484   47.50   77.00
  485   48.00   77.00
  486   48.50   77.00
  487   49.00   77.00
  488   49.50   77.00
  489   50.00   77.00
  490   50.50   77.00
  491   51.00   77.00
  492   51.50   77.00
  493   52.00   77.00
  494   52.50   77.00
  495   53.00   77.00
  496   53.50   77.00
  497   54.00   77.00
  498   54.50   77.00
  499   55.00   77.00
  500   55.50   77.00
  501   56.00   77.00
  502   56.50   77.00
  503   57.00   77.00
  504   57.50   77.00
  505   58.00   77.00
  506   58.50   77.00
  507   59.00   77.00
  508   59.50   77.00
  509   60.00   77.00
  510   60.50   77.00
  511   61.00   77.00
  512   61.50   77.00
  513   62.00   77.00
  514   62.50   77.00
  515   63.00   77.00
  516   63.50   77.00
  517   64.00   77.00
  518   64.50   77.00
  519   65.00   77.00
  520   65.50   77.00
  521   66.00   77.00
  522   66.50   77.00
  523   67.00   77.00
  524   67.50   77.00
  525   68.00   77.00
  526   68.50   77.00
  527   69.00   77.00
  528   69.50   77.00
  529   70.00   77.00
  530   70.50   77.00
  531   71.00   77.00
  532   42.00   77.25
  533   42.50   77.25
  534   43.00   77.25
  535   43.50   77.25
  536   44.00   77.25
  537   44.50   77.25
  538   45.00   77.25
  539   45.50   77.25
  540   46.00   77.25
  541   46.50   77.25
  542   47.00   77.25
  543   47.50   77.25
  544   48.00   77.25
  545   48.50   77.25
  546   49.00   77.25
  547   49.50   77.25
  548   50.00   77.25
  549   50.50   77.25
  550   51.00   77.25
  551   51.50   77.25
  552   52.00   77.25
  553   52.50   77.25
  554   53.00   77.25
  555   53.50   77.25
  556   54.00   77.25
  557   54.50   77.25
  558   55.00   77.25
  559   55.50   77.25
  560   56.00   77.25
  561   56.50   77.25
  562   57.00   77.25
  563   57.50   77.25
  564   58.00   77.25
  565   58.50   77.25
  566   59.00   77.25
  567   59.50   77.25
  568   60.00   77.25
  569   60.50   77.25
  570   61.00   77.25
  571   61.50   77.25
  572   62.00   77.25
  573   62.50   77.25
  574   63.00   77.25
  575   63.50   77.25
  576   64.00   77.25
  577   64.50   77.25
  578   65.00   77.25
  579   65.50   77.25
  580   66.00   77.25
  581   66.50   77.25
  582   67.00   77.25
  583   67.50   77.25
  584   68.00   77.25
  585   68.50   77.25
  586   69.00   77.25
  587   69.50   77.25
  588   70.00   77.25
  589   70.50   77.25
  590   71.00   77.25
  591   42.00   77.50
  592   42.50   77.50
  593   43.00   77.50
  594   43.50   77.50
  595   44.00   77.50
  596   44.50   77.50
  597   45.00   77.50
  598   45.50   77.50
  599   46.00   77.50
  600   46.50   77.50
  601   47.00   77.50
  602   47.50   77.50
  603   48.00   77.50
  604   48.50   77.50
  605   49.00   77.50
  606   49.50   77.50
  607   50.00   77.50
  608   50.50   77.50
  609   51.00   77.50
  610   51.50   77.50
  611   52.00   77.50
  612   52.50   77.50
  613   53.00   77.50
  614   53.50   77.50
  615   54.00   77.50
  616   54.50   77.50
  617   55.00   77.50
  618   55.50   77.50
  619   56.00   77.50
  620   56.50   77.50
  621   57.00   77.50
  622   57.50   77.50
  623   58.00   77.50
  624   58.50   77.50
  625   59.00   77.50
  626   59.50   77.50
  627   60.00   77.50
  628   60.50   77.50
  629   61.00   77.50
  630   61.50   77.50
  631   62.00   77.50
  632   62.50   77.50
  633   63.00   77.50
  634   63.50   77.50
  635   64.00   77.50
  636   64.50   77.50
  637   65.00   77.50
  638   65.50   77.50
  639   66.00   77.50
  640   66.50   77.50
  641   67.00   77.50
  642   67.50   77.50
  643   68.00   77.50
  644   68.50   77.50
  645   69.00   77.50
  646   69.50   77.50
  647   70.00   77.50
  648   70.50   77.50
  649   71.00   77.50
  650   42.00   77.75
  651   42.50   77.75
  652   43.00   77.75
  653   43.50   77.75
  654   44.00   77.75
  655   44.50   77.75
  656   45.00   77.75
  657   45.50   77.75
  658   46.00   77.75
  659   46.50   77.75
  660   47.00   77.75
  661   47.50   77.75
  662   48.00   77.75
  663   48.50   77.75
  664   49.00   77.75
  665   49.50   77.75
  666   50.00   77.75
  667   50.50   77.75
  668   51.00   77.75
  669   51.50   77.75
  670   52.00   77.75
  671   52.50   77.75
  672   53.00   77.75
  673   53.50   77.75
  674   54.00   77.75
  675   54.50   77.75
  676   55.00   77.75
  677   55.50   77.75
  678   56.00   77.75
  679   56.50   77.75
  680   57.00   77.75
  681   57.50   77.75
  682   58.00   77.75
  683   58.50   77.75
  684   59.00   77.75
  685   59.50   77.75
  686   60.00   77.75
  687   60.50   77.75
  688   61.00   77.75
  689   61.50   77.75
  690   62.00   77.75
  691   62.50   77.75
  692   63.00   77.75
  693   63.50   77.75
  694   64.00   77.75
  695   64.50   77.75
  696   65.00   77.75
  697   65.50   77.75
  698   66.00   77.75
  699   66.50   77.75
  700   67.00   77.75
  701   67.50   77.75
  702   68.00   77.75
  703   68.50   77.75
  704   69.00   77.75
  705   69.50   77.75
  706   70.00   77.75
  707   70.50   77.75
  708   71.00   77.75
  709   42.00   78.00
  710   42.50   78.00
  711   43.00   78.00
  712   43.50   78.00
  713   44.00   78.00
  714   44.50   78.00
  715   45.00   78.00
  716   45.50   78.00
  717   46.00   78.00
  718   46.50   78.00
  719   47.00   78.00
  720   47.50   78.00
  721   48.00   78.00
  722   48.50   78.00
  723   49.00   78.00
  724   49.50   78.00
  725   50.00   78.00
  726   50.50   78.00
  727   51.00   78.00
  728   51.50   78.00
  729   52.00   78.00
  730   52.50   78.00
  731   53.00   78.00
  732   53.50   78.00
  733   54.00   78.00
  734   54.50   78.00
  735   55.00   78.00
  736   55.50   78.00
  737   56.00   78.00
  738   56.50   78.00
  739   57.00   78.00
  740   57.50   78.00
  741   58.00   78.00
  742   58.50   78.00
  743   59.00   78.00
  744   59.50   78.00
  745   60.00   78.00
  746   60.50   78.00
  747   61.00   78.00
  748   61.50   78.00
  749   62.00   78.00
  750   62.50   78.00
  751   63.00   78.00
  752   63.50   78.00
  753   64.00   78.00
  754   64.50   78.00
  755   65.00   78.00
  756   65.50   78.00
  757   66.00   78.00
  758   66.50   78.00
  759   67.00   78.00
  760   67.50   78.00
  761   68.00   78.00
  762   68.50   78.00
  763   69.00   78.00
  764   69.50   78.00
  765   70.00   78.00
  766   70.50   78.00
  767   71.00   78.00
